1
2 24 -13.109 -4 -5 -12.296 -4 -5.543<br>2 24 -12.296 -4 -5.543 -10 -4 -6<br>2 24 -7.704 -4 -5.543 -10 -4 -6<br>2 24 -6.891 -4 -5 -7.704 -4 -5.543<br>2 24 -13.109 -4 -5 -12.296 -3.674 -5.543<br>2 24 -12.296 -3.674 -5.543 -10 -3.4 -6<br>2 24 -7.704 -3.674 -5.543 -10 -3.4 -6<br>2 24 -6.891 -4 -5 -7.704 -3.674 -5.543<br>2 24 -13.109 -4 -5 -6.891 -4 -5<br>3 16 -12.296 -3.674 -5.543 -13.109 -4 -5 -12.296 -4 -5.543<br>5 24 -12.296 -4 -5.543 -12.296 -3.674 -5.543 -13.109 -4 -5 -12.296 -4 -5.543<br>4 16 -12.296 -4 -5.543 -10 -4 -6 -10 -3.4 -6 -12.296 -3.674 -5.543<br>5 24 -10 -4 -6 -10 -3.4 -6 -12.296 -4 -5.543 -7.704 -4 -5.543<br>4 16 -10 -4 -6 -7.704 -4 -5.543 -7.704 -3.674 -5.543 -10 -3.4 -6<br>5 24 -7.704 -4 -5.543 -7.704 -3.674 -5.543 -6.891 -4 -5 -7.704 -4 -5.543<br>3 16 -7.704 -4 -5.543 -6.891 -4 -5 -7.704 -3.674 -5.543<br>4 16 -12.296 -4 -5.543 -13.109 -4 -5 -6.891 -4 -5 -7.704 -4 -5.543<br>3 16 -12.296 -4 -5.543 -7.704 -4 -5.543 -10 -4 -6<br>2 24 6.891 -4 -5 7.704 -4 -5.543<br>2 24 7.704 -4 -5.543 10 -4 -6<br>2 24 12.296 -4 -5.543 10 -4 -6<br>2 24 13.109 -4 -5 12.296 -4 -5.543<br>2 24 6.891 -4 -5 7.704 -3.674 -5.543<br>2 24 7.704 -3.674 -5.543 10 -3.4 -6<br>2 24 12.296 -3.674 -5.543 10 -3.4 -6<br>2 24 13.109 -4 -5 12.296 -3.674 -5.543<br>2 24 6.891 -4 -5 13.109 -4 -5<br>3 16 7.704 -3.674 -5.543 6.891 -4 -5 7.704 -4 -5.543<br>5 24 7.704 -4 -5.543 7.704 -3.674 -5.543 6.891 -4 -5 7.704 -4 -5.543<br>4 16 7.704 -4 -5.543 10 -4 -6 10 -3.4 -6 7.704 -3.674 -5.543<br>5 24 10 -4 -6 10 -3.4 -6 7.704 -4 -5.543 12.296 -4 -5.543<br>4 16 10 -4 -6 12.296 -4 -5.543 12.296 -3.674 -5.543 10 -3.4 -6<br>5 24 12.296 -4 -5.543 12.296 -3.674 -5.543 13.109 -4 -5 12.296 -4 -5.543<br>3 16 12.296 -4 -5.543 13.109 -4 -5 12.296 -3.674 -5.543<br>4 16 7.704 -4 -5.543 6.891 -4 -5 13.109 -4 -5 12.296 -4 -5.543<br>3 16 10 -4 -6 7.704 -4 -5.543 12.296 -4 -5.543<br>3 16 -13.109 -4 -5 -12.296 -3.674 -5.543 -16 -3.4 -6<br>3 16 -10 -3.4 -6 -16 -3.4 -6 -12.296 -3.674 -5.543<br>4 16 6.891 -4 -5 7.704 -3.674 -5.543 -7.704 -3.674 -5.543 -6.891 -4 -5<br>4 16 7.704 -3.674 -5.543 10 -3.4 -6 -10 -3.4 -6 -7.704 -3.674 -5.543<br>3 16 12.296 -3.674 -5.543 16 -3.4 -6 10 -3.4 -6<br>3 16 13.109 -4 -5 16 -3.4 -6 12.296 -3.674 -5.543<br>3 16 -13.109 -4 -5 -16 -3.4 -6 -16 -10.6 6<br>3 16 -6.891 -4 -5 -13.109 -4 -5 -16 -10.6 6<br>4 16 16 -10.6 6 6.891 -4 -5 -6.891 -4 -5 -16 -10.6 6<br>3 16 16 -10.6 6 16 -3.4 -6 13.109 -4 -5<br>3 16 16 -10.6 6 13.109 -4 -5 6.891 -4 -5<br>2 24 16 0 -6 16 0 6<br>2 24 -16 0 -6 -16 0 6<br>2 24 16 -3.4 -6 16 -10.6 6<br>2 24 -16 -3.4 -6 -16 -10.6 6<br>1 16 0 -5.3 6 -16 0 0 0 0 5.3 0 1 0 rect.dat<br>1 16 0 -1.7 -6 0 0 -16 1.7 0 0 0 -1 0 rect.dat<br>4 16 16 -10.6 6 16 0 6 16 0 -6 16 -3.4 -6<br>4 16 -16 -10.6 6 -16 -3.4 -6 -16 0 -6 -16 0 6<br>1 16 0 -1 0 0 0 19 0 1 0 -9 0 0 box4.dat<br>4 16 16 0 -6 16 0 6 19 0 9 19 0 -9<br>4 16 -16 0 6 -16 0 -6 -19 0 -9 -19 0 9<br>4 16 -16 0 -6 16 0 -6 19 0 -9 -19 0 -9<br>4 16 16 0 6 -16 0 6 -19 0 9 19 0 9<br>2 24 20 -1 10 20 -1 -10<br>2 24 -20 -1 10 -20 -1 -10<br>4 16 20 -1 -10 19 -1 -9 19 -1 9 20 -1 10<br>4 16 -20 -1 10 -19 -1 9 -19 -1 -9 -20 -1 -10<br>4 16 20 -1 10 19 -1 9 -19 -1 9 -20 -1 10<br>4 16 -20 -1 -10 -19 -1 -9 19 -1 -9 20 -1 -10<br>1 16 0 -2.5 -10 -20 0 0 0 0 1.5 0 1 0 rect.dat<br>2 24 20 -4 -10 20 -16 10<br>2 24 -20 -16 10 -20 -4 -10<br>4 16 -20 -16 10 -20 -1 10 -20 -1 -10 -20 -4 -10<br>4 16 20 -16 10 20 -4 -10 20 -1 -10 20 -1 10<br>1 16 0 -8.5 10 0 0 -20 7.5 0 0 0 -1 0 rect.dat<br>1 16 0 -7 0 0 0 -4 2.4 -1 0 -4 0 0 4-4edge.dat<br>1 16 0 -4.8 0 0 0 -4 0 -2.3 0 -4 0 0 4-4cyls.dat<br>1 16 0 -4.8 0 4 0 0 0 0.8 0 0 0 4 4-4cyli.dat<br>1 16 0 -4 0 1 0 0 0 -1 0 0 0 1 stud3a.dat
1 0 0 0
0 0.8574929257 -0.5144957554 -10.85504
0 0.5144957554 0.8574929257 1.42507
0 0 0 1
-20 -10
20 -10
20 13.323807579
-20 13.323807579
